35,9
0,319
0,310
0,405
0,403
0,398
0,392
0,388
0,385
0,384
412,49
412,48
412,47
412,46
412,45
412,44
412,43
412,42
412,41
412,40
412,39
0,509
0,506
0,500
0,498
0,495
0,492
0,488
0,467
0,382
0,381
0,380
0,379
0,377
0,376
0,375
0,372
0,371
0,369
412,38
412,37
412,36
412,35
36,276
36,275
36,273
36,267
36,265
36,244
36,131
36,129
36,61
36,59
36,58
36,57
36,45
36,44
36,27
36,10
35,2467
35,890
35,122
35,121
35,120
35,119
35,118
35,117
35,116
35,115
35,114
35,113
35,112
35,110
35,109
35,108
35,107
35,106
35,105
35,104
35,103
35,102
35,101
35,100
35,98
35,97
35,94
35,93
35,92
35,91
35,90
35,89
35,88
35,87
35,86
35,85
35,84
35,83
35,82
35,81
35,80
35,79
35,78
35,77
35,76
35,75
35,74
35,73
35,72
35,71
35,70
35,69
35,68
35,67
35,66
35,65
35,7
36,38
36,16
31,4
36,31
35,832
36,13
36,283
31,3
36,47
36,48
36,50
36,25
36,49
31,1
36,46
37,47
14,7
37,36
36,17
14,6
12,3
36,32
12,2
37,94
12,1
37,49
11,3
37,7
11,2
36,130
11,1
10,3
36,30
10,2
37,43
37,6
35,2432
36,170
20,2
37,8
20,1
20,3
36,278
19,2
10,1
19,1
9,3
19,3
37,5
9,2
9,1
8,3
18,1
36,53
36,55
18,3
36,5
14,1
8,2
14,5
36,60
37,48
14,3
35,151
37,1
35,5
13,1
36,1
35,8
8,1
13,3
3,3
3,2
36,180
36,179
35,1
37,129
3,1
36,3
2,2
37,3
37,4
35,2491
2,1
0,395
2,3
35,3
35,4
36,4
0,383
0,0
0,454
0,9
412,34
412,33
412,32
412,31
412,30
412,29
412,28
412,27
412,26
412,25
412,24
412,23
412,22
412,21
412,20
412,19
412,18
412,17
412,16
412,15
412,14
412,13
412,12
412,11
412,10
412,9
412,8
412,7
412,6
412,5
412,4
412,3
412,2
412,0
0,276
0,275
0,272
0,271
0,12
0,453
0,10
0,8
0,439
0,336
0,268
0,438
0,391
0,267
0,471
0,511
0,266
0,463
0,510
0,265
0,462
0,501
0,264
0,437
0,389
0,263
0,461
0,366
0,262
0,460
0,404
0,261
0,459
0,473
0,260
0,436
0,323
0,259
0,435
0,352
0,258
0,458
0,338
0,257
0,446
0,476
0,256
0,457
0,335
0,255
0,491
0,505
0,254
0,481
0,343
0,253
0,434
0,320
0,252
0,456
0,333
